
-------------------------------------------------
The mapname is window.txt
The boundary is [[  0.  -5.   0.  10.  20.   6. 120. 120. 120.]]
The path is  given  by [(0.45, 0.45, 0.45), (0.55, 0.45, 0.45), (0.65, 0.45, 0.45), (0.65, 0.55, 0.45), (0.65, 0.65, 0.45), (0.65, 0.65, 0.55), (0.65, 0.65, 0.65), (0.65, 0.75, 0.65), (0.65, 0.85, 0.65), (0.65, 0.95, 0.65), (0.65, 1.05, 0.65), (0.65, 1.05, 0.75), (0.65, 1.15, 0.75), (0.65, 1.25, 0.75), (0.65, 1.35, 0.75), (0.65, 1.35, 0.85), (0.65, 1.35, 0.95), (0.65, 1.35, 1.05), (0.65, 1.35, 1.15), (0.65, 1.35, 1.25), (0.65, 1.35, 1.35), (0.65, 1.35, 1.45), (0.65, 1.35, 1.55), (0.65, 1.35, 1.65), (0.65, 1.35, 1.75), (0.65, 1.35, 1.85), (0.65, 1.35, 1.95), (0.65, 1.35, 2.05), (0.65, 1.35, 2.15), (0.65, 1.35, 2.25), (0.65, 1.35, 2.35), (0.65, 1.35, 2.45), (0.65, 1.35, 2.55), (0.65, 1.35, 2.65), (0.65, 1.35, 2.75), (0.65, 1.35, 2.85), (0.65, 1.35, 2.95), (0.65, 1.35, 3.05), (0.65, 1.35, 3.15), (0.65, 1.35, 3.25), (0.65, 1.35, 3.35), (0.65, 1.35, 3.45), (0.65, 1.35, 3.55), (0.65, 1.35, 3.65), (0.65, 1.35, 3.75), (0.65, 1.35, 3.85), (0.65, 1.35, 3.95), (0.65, 1.35, 4.05), (0.65, 1.35, 4.15), (0.65, 1.35, 4.25), (0.75, 1.35, 4.25), (0.85, 1.35, 4.25), (0.95, 1.35, 4.25), (0.95, 1.45, 4.25), (0.95, 1.45, 4.35), (0.95, 1.45, 4.45), (1.05, 1.45, 4.45), (1.15, 1.45, 4.45), (1.25, 1.45, 4.45), (1.35, 1.45, 4.45), (1.45, 1.45, 4.45), (1.55, 1.45, 4.45), (1.65, 1.45, 4.45), (1.75, 1.45, 4.45), (1.85, 1.45, 4.45), (1.95, 1.45, 4.45), (2.05, 1.45, 4.45), (2.15, 1.45, 4.45), (2.25, 1.45, 4.45), (2.35, 1.45, 4.45), (2.45, 1.45, 4.45), (2.55, 1.45, 4.45), (2.65, 1.45, 4.45), (2.75, 1.45, 4.45), (2.85, 1.45, 4.45), (2.95, 1.45, 4.45), (3.05, 1.45, 4.45), (3.15, 1.45, 4.45), (3.25, 1.45, 4.45), (3.35, 1.45, 4.45), (3.35, 1.45, 4.55), (3.35, 1.45, 4.65), (3.35, 1.55, 4.65), (3.35, 1.65, 4.65), (3.35, 1.75, 4.65), (3.35, 1.75, 4.75), (3.35, 1.75, 4.85), (3.35, 1.75, 4.95), (3.35, 1.85, 4.95), (3.45, 1.85, 4.95), (3.45, 1.85, 5.05), (3.45, 1.85, 5.15), (3.55, 1.85, 5.15), (3.65, 1.85, 5.15), (3.75, 1.85, 5.15), (3.75, 1.85, 5.25), (3.75, 1.85, 5.35), (3.75, 1.85, 5.45), (3.85, 1.85, 5.45), (3.95, 1.85, 5.45), (4.05, 1.85, 5.45), (4.15, 1.85, 5.45), (4.25, 1.85, 5.45), (4.35, 1.85, 5.45), (4.35, 1.95, 5.45), (4.45, 1.95, 5.45), (4.55, 1.95, 5.45), (4.65, 1.95, 5.45), (4.65, 2.05, 5.45), (4.65, 2.15, 5.45), (4.65, 2.25, 5.45), (4.65, 2.35, 5.45), (4.65, 2.45, 5.45), (4.75, 2.45, 5.45), (4.85, 2.45, 5.45), (4.95, 2.45, 5.45), (5.05, 2.45, 5.45), (5.15, 2.45, 5.45), (5.15, 2.55, 5.45), (5.15, 2.65, 5.45), (5.15, 2.75, 5.45), (5.15, 2.85, 5.45), (5.15, 2.95, 5.45), (5.25, 2.95, 5.45), (5.35, 2.95, 5.45), (5.45, 2.95, 5.45), (5.55, 2.95, 5.45), (5.65, 2.95, 5.45), (5.65, 3.05, 5.45), (5.65, 3.15, 5.45), (5.65, 3.25, 5.45), (5.65, 3.35, 5.45), (5.65, 3.45, 5.45), (5.65, 3.55, 5.45), (5.65, 3.65, 5.45), (5.65, 3.75, 5.45), (5.65, 3.85, 5.45), (5.65, 3.95, 5.45), (5.65, 4.05, 5.45), (5.65, 4.15, 5.45), (5.75, 4.15, 5.45), (5.85, 4.15, 5.45), (5.85, 4.25, 5.45), (5.95, 4.25, 5.45), (5.95, 4.35, 5.45), (5.95, 4.45, 5.45), (5.95, 4.55, 5.45), (5.95, 4.65, 5.45), (5.95, 4.75, 5.45), (5.95, 4.85, 5.45), (5.95, 4.95, 5.45), (5.95, 5.05, 5.45), (5.95, 5.15, 5.45), (5.95, 5.25, 5.45), (5.95, 5.35, 5.45), (5.95, 5.45, 5.45), (5.95, 5.55, 5.45), (5.95, 5.65, 5.45), (5.95, 5.75, 5.45), (5.95, 5.85, 5.45), (5.95, 5.95, 5.45)]
The cost is 15.999999999999973
The number of  nodes sampled to reach = 1584
The length of the path is 161
------------------------------------------------

-------------------------------------------------
The mapname is maze.txt
The boundary is [[-15. -15.   0.  15.  15.   6. 120. 120. 120.]]
The path is  given  by [(0.45, 0.45, 0.45), (0.55, 0.45, 0.45), (0.65, 0.45, 0.45), (0.65, 0.55, 0.45), (0.65, 0.65, 0.45), (0.65, 0.65, 0.55), (0.65, 0.65, 0.65), (0.65, 0.75, 0.65), (0.65, 0.85, 0.65), (0.65, 0.95, 0.65), (0.65, 1.05, 0.65), (0.65, 1.05, 0.75), (0.65, 1.15, 0.75), (0.65, 1.25, 0.75), (0.65, 1.35, 0.75), (0.65, 1.35, 0.85), (0.65, 1.35, 0.95), (0.65, 1.35, 1.05), (0.65, 1.35, 1.15), (0.65, 1.35, 1.25), (0.65, 1.35, 1.35), (0.65, 1.35, 1.45), (0.65, 1.35, 1.55), (0.65, 1.35, 1.65), (0.65, 1.35, 1.75), (0.65, 1.35, 1.85), (0.65, 1.35, 1.95), (0.65, 1.35, 2.05), (0.65, 1.35, 2.15), (0.65, 1.35, 2.25), (0.65, 1.35, 2.35), (0.65, 1.35, 2.45), (0.65, 1.35, 2.55), (0.65, 1.35, 2.65), (0.65, 1.35, 2.75), (0.65, 1.35, 2.85), (0.65, 1.35, 2.95), (0.65, 1.35, 3.05), (0.65, 1.35, 3.15), (0.65, 1.35, 3.25), (0.65, 1.35, 3.35), (0.65, 1.35, 3.45), (0.65, 1.35, 3.55), (0.65, 1.35, 3.65), (0.65, 1.35, 3.75), (0.65, 1.35, 3.85), (0.65, 1.35, 3.95), (0.65, 1.35, 4.05), (0.65, 1.35, 4.15), (0.65, 1.35, 4.25), (0.75, 1.35, 4.25), (0.85, 1.35, 4.25), (0.95, 1.35, 4.25), (0.95, 1.45, 4.25), (0.95, 1.45, 4.35), (0.95, 1.45, 4.45), (1.05, 1.45, 4.45), (1.15, 1.45, 4.45), (1.25, 1.45, 4.45), (1.35, 1.45, 4.45), (1.45, 1.45, 4.45), (1.55, 1.45, 4.45), (1.65, 1.45, 4.45), (1.75, 1.45, 4.45), (1.85, 1.45, 4.45), (1.95, 1.45, 4.45), (2.05, 1.45, 4.45), (2.15, 1.45, 4.45), (2.25, 1.45, 4.45), (2.35, 1.45, 4.45), (2.45, 1.45, 4.45), (2.55, 1.45, 4.45), (2.65, 1.45, 4.45), (2.75, 1.45, 4.45), (2.85, 1.45, 4.45), (2.95, 1.45, 4.45), (3.05, 1.45, 4.45), (3.15, 1.45, 4.45), (3.25, 1.45, 4.45), (3.35, 1.45, 4.45), (3.35, 1.45, 4.55), (3.35, 1.45, 4.65), (3.35, 1.55, 4.65), (3.35, 1.65, 4.65), (3.35, 1.75, 4.65), (3.35, 1.75, 4.75), (3.35, 1.75, 4.85), (3.35, 1.75, 4.95), (3.35, 1.85, 4.95), (3.45, 1.85, 4.95), (3.45, 1.85, 5.05), (3.45, 1.85, 5.15), (3.55, 1.85, 5.15), (3.65, 1.85, 5.15), (3.75, 1.85, 5.15), (3.75, 1.85, 5.25), (3.75, 1.85, 5.35), (3.75, 1.85, 5.45), (3.85, 1.85, 5.45), (3.95, 1.85, 5.45), (4.05, 1.85, 5.45), (4.15, 1.85, 5.45), (4.25, 1.85, 5.45), (4.35, 1.85, 5.45), (4.35, 1.95, 5.45), (4.45, 1.95, 5.45), (4.55, 1.95, 5.45), (4.65, 1.95, 5.45), (4.65, 2.05, 5.45), (4.65, 2.15, 5.45), (4.65, 2.25, 5.45), (4.65, 2.35, 5.45), (4.65, 2.45, 5.45), (4.75, 2.45, 5.45), (4.85, 2.45, 5.45), (4.95, 2.45, 5.45), (5.05, 2.45, 5.45), (5.15, 2.45, 5.45), (5.15, 2.55, 5.45), (5.15, 2.65, 5.45), (5.15, 2.75, 5.45), (5.15, 2.85, 5.45), (5.15, 2.95, 5.45), (5.25, 2.95, 5.45), (5.35, 2.95, 5.45), (5.45, 2.95, 5.45), (5.55, 2.95, 5.45), (5.65, 2.95, 5.45), (5.65, 3.05, 5.45), (5.65, 3.15, 5.45), (5.65, 3.25, 5.45), (5.65, 3.35, 5.45), (5.65, 3.45, 5.45), (5.65, 3.55, 5.45), (5.65, 3.65, 5.45), (5.65, 3.75, 5.45), (5.65, 3.85, 5.45), (5.65, 3.95, 5.45), (5.65, 4.05, 5.45), (5.65, 4.15, 5.45), (5.75, 4.15, 5.45), (5.85, 4.15, 5.45), (5.85, 4.25, 5.45), (5.95, 4.25, 5.45), (5.95, 4.35, 5.45), (5.95, 4.45, 5.45), (5.95, 4.55, 5.45), (5.95, 4.65, 5.45), (5.95, 4.75, 5.45), (5.95, 4.85, 5.45), (5.95, 4.95, 5.45), (5.95, 5.05, 5.45), (5.95, 5.15, 5.45), (5.95, 5.25, 5.45), (5.95, 5.35, 5.45), (5.95, 5.45, 5.45), (5.95, 5.55, 5.45), (5.95, 5.65, 5.45), (5.95, 5.75, 5.45), (5.95, 5.85, 5.45), (5.95, 5.95, 5.45)]
The cost is 15.999999999999973
The number of  nodes sampled to reach = 1584
The length of the path is 161
------------------------------------------------

-------------------------------------------------
The mapname is monza.txt
The boundary is [[  0.    0.    0.    4.3  20.    5.  120.  120.  120. ]]
The path is  given  by [(0.45, 0.45, 0.45), (0.55, 0.45, 0.45), (0.55, 0.55, 0.45), (0.65, 0.55, 0.45), (0.75, 0.55, 0.45), (0.85, 0.55, 0.45), (0.95, 0.55, 0.45), (1.05, 0.55, 0.45), (1.05, 0.55, 0.55), (1.05, 0.55, 0.65), (1.05, 0.55, 0.75), (1.05, 0.55, 0.85), (1.15, 0.55, 0.85), (1.15, 0.55, 0.95), (1.15, 0.55, 1.05), (1.15, 0.55, 1.15), (1.15, 0.65, 1.15), (1.15, 0.65, 1.25), (1.15, 0.65, 1.35), (1.25, 0.65, 1.35), (1.35, 0.65, 1.35), (1.45, 0.65, 1.35), (1.55, 0.65, 1.35), (1.55, 0.75, 1.35), (1.65, 0.75, 1.35), (1.65, 0.85, 1.35), (1.65, 0.95, 1.35), (1.65, 1.05, 1.35), (1.75, 1.05, 1.35), (1.75, 1.15, 1.35), (1.75, 1.25, 1.35), (1.75, 1.35, 1.35), (1.75, 1.45, 1.35), (1.75, 1.45, 1.45), (1.75, 1.55, 1.45), (1.75, 1.55, 1.55), (1.75, 1.55, 1.65), (1.85, 1.55, 1.65), (1.85, 1.55, 1.75), (1.95, 1.55, 1.75), (2.05, 1.55, 1.75), (2.05, 1.65, 1.75), (2.05, 1.75, 1.75), (2.05, 1.85, 1.75), (2.05, 1.95, 1.75), (2.05, 2.05, 1.75), (2.05, 2.05, 1.85), (2.05, 2.05, 1.95), (2.05, 2.05, 2.05), (2.05, 2.05, 2.15), (2.05, 2.05, 2.25), (2.05, 2.05, 2.35), (2.05, 2.05, 2.45), (2.05, 2.05, 2.55), (2.05, 2.05, 2.65), (2.05, 2.05, 2.75), (2.05, 2.15, 2.75), (2.05, 2.25, 2.75), (2.05, 2.35, 2.75), (2.05, 2.45, 2.75), (2.05, 2.55, 2.75), (2.05, 2.65, 2.75), (2.05, 2.75, 2.75), (2.05, 2.85, 2.75), (2.05, 2.95, 2.75), (2.05, 3.05, 2.75), (2.05, 3.05, 2.85), (2.05, 3.05, 2.95), (2.05, 3.05, 3.05), (2.05, 3.05, 3.15), (2.05, 3.05, 3.25), (2.05, 3.05, 3.35), (2.15, 3.05, 3.35), (2.15, 3.15, 3.35), (2.15, 3.25, 3.35), (2.15, 3.35, 3.35), (2.15, 3.45, 3.35), (2.15, 3.55, 3.35), (2.15, 3.65, 3.35), (2.15, 3.75, 3.35), (2.15, 3.85, 3.35), (2.15, 3.95, 3.35), (2.15, 4.05, 3.35), (2.15, 4.15, 3.35), (2.15, 4.15, 3.45), (2.15, 4.15, 3.55), (2.15, 4.15, 3.65), (2.15, 4.15, 3.75), (2.15, 4.25, 3.75), (2.15, 4.35, 3.75), (2.15, 4.35, 3.85), (2.15, 4.45, 3.85), (2.15, 4.55, 3.85), (2.15, 4.65, 3.85), (2.25, 4.65, 3.85), (2.25, 4.75, 3.85), (2.25, 4.85, 3.85), (2.25, 4.95, 3.85), (2.25, 5.05, 3.85), (2.25, 5.15, 3.85), (2.25, 5.25, 3.85), (2.25, 5.35, 3.85), (2.25, 5.35, 3.95), (2.25, 5.45, 3.95), (2.25, 5.55, 3.95), (2.25, 5.65, 3.95), (2.25, 5.75, 3.95), (2.25, 5.85, 3.95), (2.25, 5.95, 3.95), (2.25, 6.05, 3.95), (2.25, 6.15, 3.95), (2.25, 6.25, 3.95), (2.25, 6.35, 3.95), (2.25, 6.45, 3.95), (2.25, 6.55, 3.95), (2.25, 6.65, 3.95), (2.25, 6.75, 3.95), (2.25, 6.85, 3.95), (2.25, 6.95, 3.95), (2.25, 7.05, 3.95), (2.25, 7.15, 3.95), (2.25, 7.25, 3.95), (2.25, 7.35, 3.95), (2.25, 7.45, 3.95), (2.25, 7.55, 3.95), (2.25, 7.65, 3.95), (2.25, 7.75, 3.95), (2.25, 7.85, 3.95), (2.25, 7.95, 3.95), (2.25, 8.05, 3.95), (2.25, 8.15, 3.95), (2.25, 8.25, 3.95), (2.25, 8.35, 3.95), (2.25, 8.45, 3.95), (2.25, 8.55, 3.95), (2.25, 8.65, 3.95), (2.25, 8.75, 3.95), (2.25, 8.85, 3.95), (2.25, 8.95, 3.95), (2.25, 9.05, 3.95), (2.25, 9.15, 3.95), (2.25, 9.25, 3.95), (2.25, 9.35, 3.95), (2.25, 9.45, 3.95), (2.25, 9.55, 3.95), (2.25, 9.65, 3.95), (2.25, 9.75, 3.95), (2.25, 9.85, 3.95), (2.25, 9.95, 3.95), (2.25, 10.05, 3.95), (2.25, 10.15, 3.95), (2.25, 10.25, 3.95), (2.25, 10.35, 3.95), (2.25, 10.45, 3.95), (2.25, 10.55, 3.95), (2.25, 10.65, 3.95), (2.25, 10.75, 3.95), (2.25, 10.85, 3.95), (2.25, 10.95, 3.95), (2.25, 11.05, 3.95), (2.25, 11.15, 3.95), (2.25, 11.25, 3.95), (2.25, 11.35, 3.95), (2.25, 11.45, 3.95), (2.25, 11.55, 3.95), (2.25, 11.65, 3.95), (2.25, 11.75, 3.95), (2.25, 11.85, 3.95), (2.25, 11.95, 3.95)]
The cost is 16.799999999999983
The number of  nodes sampled to reach = 4330
The length of the path is 169
------------------------------------------------

-------------------------------------------------
The mapname is flappy_bird.txt
The boundary is [[  0.   0.   0.  20.   5.   6. 120. 120. 120.]]