
-------------------------------------------------
The mapname is window.txt
The boundary is [[  0.  -5.   0.  10.  20.   6. 120. 120. 120.]]
The path is  given  by [(3.95, -0.05, 0.95), (4.05, -0.05, 0.95), (4.15, -0.05, 0.95), (4.15, 0.05, 0.95), (4.15, 0.15, 0.95), (4.15, 0.25, 0.95), (4.15, 0.35, 0.95), (4.15, 0.45, 0.95), (4.15, 0.55, 0.95), (4.15, 0.65, 0.95), (4.25, 0.65, 0.95), (4.25, 0.75, 0.95), (4.35, 0.75, 0.95), (4.35, 0.85, 0.95), (4.35, 0.95, 0.95), (4.45, 0.95, 0.95), (4.45, 1.05, 0.95), (4.45, 1.15, 0.95), (4.45, 1.25, 0.95), (4.45, 1.35, 0.95), (4.45, 1.35, 1.05), (4.45, 1.45, 1.05), (4.45, 1.45, 1.15), (4.45, 1.45, 1.25), (4.55, 1.45, 1.25), (4.55, 1.55, 1.25), (4.55, 1.65, 1.25), (4.55, 1.75, 1.25), (4.55, 1.85, 1.25), (4.55, 1.95, 1.25), (4.55, 2.05, 1.25), (4.55, 2.05, 1.35), (4.65, 2.05, 1.35), (4.65, 2.15, 1.35), (4.65, 2.15, 1.45), (4.75, 2.15, 1.45), (4.85, 2.15, 1.45), (4.85, 2.25, 1.45), (4.95, 2.25, 1.45), (4.95, 2.35, 1.45), (5.05, 2.35, 1.45), (5.05, 2.35, 1.55), (5.05, 2.35, 1.65), (5.05, 2.35, 1.75), (5.05, 2.35, 1.85), (5.05, 2.45, 1.85), (5.05, 2.55, 1.85), (5.05, 2.65, 1.85), (5.05, 2.75, 1.85), (5.05, 2.85, 1.85), (5.05, 2.85, 1.95), (5.05, 2.85, 2.05), (5.05, 2.85, 2.15), (5.05, 2.85, 2.25), (5.05, 2.85, 2.35), (5.05, 2.85, 2.45), (5.05, 2.85, 2.55), (5.05, 2.85, 2.65), (5.05, 2.85, 2.75), (5.05, 2.85, 2.85), (5.05, 2.85, 2.95), (5.05, 2.85, 3.05), (5.05, 2.85, 3.15), (5.05, 2.85, 3.25), (5.05, 2.85, 3.35), (5.05, 2.85, 3.45), (5.05, 2.85, 3.55), (5.05, 2.85, 3.65), (5.05, 2.85, 3.75), (5.05, 2.85, 3.85), (5.05, 2.95, 3.85), (5.05, 3.05, 3.85), (5.05, 3.15, 3.85), (5.05, 3.25, 3.85), (5.05, 3.35, 3.85), (5.05, 3.45, 3.85), (5.05, 3.55, 3.85), (5.05, 3.65, 3.85), (5.05, 3.75, 3.85), (5.05, 3.85, 3.85), (5.05, 3.95, 3.85), (5.15, 3.95, 3.85), (5.15, 3.95, 3.95), (5.25, 3.95, 3.95), (5.35, 3.95, 3.95), (5.45, 3.95, 3.95), (5.55, 3.95, 3.95), (5.65, 3.95, 3.95), (5.65, 4.05, 3.95), (5.65, 4.15, 3.95), (5.65, 4.15, 4.05), (5.65, 4.15, 4.15), (5.75, 4.15, 4.15), (5.85, 4.15, 4.15), (5.85, 4.25, 4.15), (5.95, 4.25, 4.15), (5.95, 4.35, 4.15), (5.95, 4.45, 4.15), (5.95, 4.55, 4.15), (5.95, 4.65, 4.15), (5.95, 4.75, 4.15), (5.95, 4.85, 4.15), (5.95, 4.85, 4.25), (5.95, 4.95, 4.25), (5.95, 5.05, 4.25), (5.95, 5.15, 4.25), (5.95, 5.15, 4.35), (5.95, 5.15, 4.45), (5.95, 5.15, 4.55), (5.95, 5.15, 4.65), (5.95, 5.25, 4.65), (5.95, 5.35, 4.65), (5.95, 5.35, 4.75), (5.95, 5.45, 4.75), (5.95, 5.55, 4.75), (5.95, 5.65, 4.75), (5.95, 5.65, 4.85), (5.95, 5.65, 4.95), (5.95, 5.65, 5.05), (5.95, 5.65, 5.15), (5.95, 5.75, 5.15), (5.95, 5.85, 5.15), (5.95, 5.85, 5.25), (5.95, 5.95, 5.25), (5.95, 5.95, 5.35), (5.95, 5.95, 5.45)]
The cost is 12.499999999999977
The number of  nodes sampled to reach = 5259
The length of the path is 126
------------------------------------------------

-------------------------------------------------
The mapname is maze.txt
The boundary is [[-15. -15.   0.  15.  15.   6. 120. 120. 120.]]
The path is  given  by [(-8.05, -8.05, 3.95), (-7.95, -8.05, 3.95), (-7.85, -8.05, 3.95), (-7.75, -8.05, 3.95), (-7.65, -8.05, 3.95), (-7.55, -8.05, 3.95), (-7.45, -8.05, 3.95), (-7.35, -8.05, 3.95), (-7.25, -8.05, 3.95), (-7.15, -8.05, 3.95), (-7.05, -8.05, 3.95), (-6.95, -8.05, 3.95), (-6.85, -8.05, 3.95), (-6.75, -8.05, 3.95), (-6.65, -8.05, 3.95), (-6.55, -8.05, 3.95), (-6.45, -8.05, 3.95), (-6.35, -8.05, 3.95), (-6.25, -8.05, 3.95), (-6.15, -8.05, 3.95), (-6.05, -8.05, 3.95), (-5.95, -8.05, 3.95), (-5.85, -8.05, 3.95), (-5.75, -8.05, 3.95), (-5.65, -8.05, 3.95), (-5.55, -8.05, 3.95), (-5.45, -8.05, 3.95), (-5.35, -8.05, 3.95), (-5.25, -8.05, 3.95), (-5.15, -8.05, 3.95), (-5.05, -8.05, 3.95), (-4.95, -8.05, 3.95), (-4.85, -8.05, 3.95), (-4.75, -8.05, 3.95), (-4.65, -8.05, 3.95), (-4.55, -8.05, 3.95), (-4.45, -8.05, 3.95), (-4.35, -8.05, 3.95), (-4.25, -8.05, 3.95), (-4.15, -8.05, 3.95), (-4.05, -8.05, 3.95), (-3.95, -8.05, 3.95), (-3.85, -8.05, 3.95), (-3.75, -8.05, 3.95), (-3.65, -8.05, 3.95), (-3.55, -8.05, 3.95), (-3.45, -8.05, 3.95), (-3.35, -8.05, 3.95), (-3.25, -8.05, 3.95), (-3.15, -8.05, 3.95), (-3.05, -8.05, 3.95), (-2.95, -8.05, 3.95), (-2.85, -8.05, 3.95), (-2.75, -8.05, 3.95), (-2.65, -8.05, 3.95), (-2.55, -8.05, 3.95), (-2.45, -8.05, 3.95), (-2.35, -8.05, 3.95), (-2.25, -8.05, 3.95), (-2.15, -8.05, 3.95), (-2.05, -8.05, 3.95), (-1.95, -8.05, 3.95), (-1.85, -8.05, 3.95), (-1.75, -8.05, 3.95), (-1.65, -8.05, 3.95), (-1.55, -8.05, 3.95), (-1.45, -8.05, 3.95), (-1.35, -8.05, 3.95), (-1.25, -8.05, 3.95), (-1.15, -8.05, 3.95), (-1.05, -8.05, 3.95), (-0.95, -8.05, 3.95), (-0.85, -8.05, 3.95), (-0.75, -8.05, 3.95), (-0.65, -8.05, 3.95), (-0.55, -8.05, 3.95), (-0.45, -8.05, 3.95), (-0.35, -8.05, 3.95), (-0.25, -8.05, 3.95), (-0.15, -8.05, 3.95), (-0.05, -8.05, 3.95), (0.05, -8.05, 3.95), (0.15, -8.05, 3.95), (0.25, -8.05, 3.95), (0.35, -8.05, 3.95), (0.45, -8.05, 3.95), (0.55, -8.05, 3.95), (0.65, -8.05, 3.95), (0.75, -8.05, 3.95), (0.85, -8.05, 3.95), (0.95, -8.05, 3.95), (1.05, -8.05, 3.95), (1.15, -8.05, 3.95), (1.25, -8.05, 3.95), (1.35, -8.05, 3.95), (1.45, -8.05, 3.95), (1.55, -8.05, 3.95), (1.65, -8.05, 3.95), (1.75, -8.05, 3.95), (1.85, -8.05, 3.95), (1.95, -8.05, 3.95), (2.05, -8.05, 3.95), (2.15, -8.05, 3.95), (2.25, -8.05, 3.95), (2.35, -8.05, 3.95), (2.45, -8.05, 3.95), (2.55, -8.05, 3.95), (2.65, -8.05, 3.95), (2.75, -8.05, 3.95), (2.85, -8.05, 3.95), (2.95, -8.05, 3.95), (3.05, -8.05, 3.95), (3.15, -8.05, 3.95), (3.25, -8.05, 3.95), (3.35, -8.05, 3.95), (3.45, -8.05, 3.95), (3.55, -8.05, 3.95), (3.65, -8.05, 3.95), (3.75, -8.05, 3.95), (3.85, -8.05, 3.95), (3.95, -8.05, 3.95), (3.95, -7.95, 3.95), (4.05, -7.95, 3.95), (4.05, -7.85, 3.95), (4.05, -7.75, 3.95), (4.15, -7.75, 3.95), (4.15, -7.65, 3.95), (4.15, -7.55, 3.95), (4.15, -7.45, 3.95), (4.15, -7.35, 3.95), (4.25, -7.35, 3.95), (4.25, -7.25, 3.95), (4.35, -7.25, 3.95), (4.45, -7.25, 3.95), (4.45, -7.15, 3.95), (4.45, -7.05, 3.95), (4.55, -7.05, 3.95), (4.65, -7.05, 3.95), (4.65, -6.95, 3.95), (4.75, -6.95, 3.95), (4.85, -6.95, 3.95), (4.95, -6.95, 3.95), (5.05, -6.95, 3.95), (5.15, -6.95, 3.95), (5.25, -6.95, 3.95), (5.25, -6.85, 3.95), (5.35, -6.85, 3.95), (5.45, -6.85, 3.95), (5.55, -6.85, 3.95), (5.65, -6.85, 3.95), (5.75, -6.85, 3.95), (5.75, -6.75, 3.95), (5.85, -6.75, 3.95), (5.95, -6.75, 3.95), (5.95, -6.65, 3.95), (5.95, -6.55, 3.95), (5.95, -6.45, 3.95), (5.95, -6.35, 3.95), (5.95, -6.25, 3.95), (5.95, -6.15, 3.95), (5.95, -6.05, 3.95), (5.95, -5.95, 3.95), (5.95, -5.85, 3.95), (5.95, -5.75, 3.95), (5.95, -5.65, 3.95), (5.95, -5.55, 3.95), (5.95, -5.45, 3.95), (5.95, -5.35, 3.95), (5.95, -5.25, 3.95), (5.95, -5.15, 3.95), (5.95, -5.05, 3.95), (5.95, -4.95, 3.95), (5.95, -4.85, 3.95), (5.95, -4.75, 3.95), (5.95, -4.65, 3.95), (5.95, -4.55, 3.95), (5.95, -4.45, 3.95), (5.95, -4.35, 3.95), (5.95, -4.25, 3.95), (5.95, -4.15, 3.95), (5.95, -4.05, 3.95), (5.95, -3.95, 3.95), (5.95, -3.85, 3.95), (5.95, -3.75, 3.95), (5.95, -3.65, 3.95), (5.95, -3.55, 3.95), (5.95, -3.45, 3.95), (5.95, -3.35, 3.95), (5.95, -3.25, 3.95), (5.95, -3.15, 3.95), (5.95, -3.05, 3.95), (5.95, -2.95, 3.95), (5.95, -2.85, 3.95), (5.95, -2.75, 3.95), (5.95, -2.65, 3.95), (5.95, -2.55, 3.95), (5.95, -2.45, 3.95), (5.95, -2.35, 3.95), (5.95, -2.25, 3.95), (5.95, -2.15, 3.95), (5.95, -2.05, 3.95), (5.95, -1.95, 3.95), (5.95, -1.85, 3.95), (5.95, -1.75, 3.95), (5.95, -1.65, 3.95), (5.95, -1.55, 3.95), (5.95, -1.45, 3.95), (5.95, -1.35, 3.95), (5.95, -1.25, 3.95), (5.95, -1.15, 3.95), (5.95, -1.05, 3.95), (5.95, -0.95, 3.95), (5.95, -0.85, 3.95), (5.95, -0.75, 3.95), (5.95, -0.65, 3.95), (5.95, -0.55, 3.95), (5.95, -0.45, 3.95), (5.95, -0.35, 3.95), (5.95, -0.25, 3.95), (5.95, -0.15, 3.95), (5.95, -0.05, 3.95), (5.95, 0.05, 3.95), (5.95, 0.15, 3.95), (5.95, 0.25, 3.95), (5.95, 0.35, 3.95), (5.95, 0.45, 3.95), (5.95, 0.55, 3.95), (5.95, 0.65, 3.95), (5.95, 0.75, 3.95), (5.95, 0.85, 3.95), (5.95, 0.95, 3.95), (5.95, 1.05, 3.95), (5.95, 1.15, 3.95), (5.95, 1.25, 3.95), (5.95, 1.35, 3.95), (5.95, 1.45, 3.95), (5.95, 1.55, 3.95), (5.95, 1.65, 3.95), (5.95, 1.75, 3.95), (5.95, 1.85, 3.95), (5.95, 1.95, 3.95), (5.95, 2.05, 3.95), (5.95, 2.15, 3.95), (5.95, 2.25, 3.95), (5.95, 2.35, 3.95), (5.95, 2.45, 3.95), (5.95, 2.55, 3.95), (5.95, 2.65, 3.95), (5.95, 2.75, 3.95), (5.95, 2.85, 3.95), (5.95, 2.95, 3.95), (5.95, 3.05, 3.95), (5.95, 3.15, 3.95), (5.95, 3.25, 3.95), (5.95, 3.35, 3.95), (5.95, 3.45, 3.95), (5.95, 3.55, 3.95), (5.95, 3.65, 3.95), (5.95, 3.75, 3.95), (5.95, 3.85, 3.95), (5.95, 3.95, 3.95), (5.95, 4.05, 3.95), (5.95, 4.15, 3.95), (5.95, 4.25, 3.95), (5.95, 4.35, 3.95), (5.95, 4.45, 3.95), (5.95, 4.55, 3.95), (5.95, 4.65, 3.95), (5.95, 4.75, 3.95), (5.95, 4.85, 3.95), (5.95, 4.95, 3.95), (5.95, 5.05, 3.95), (5.95, 5.15, 3.95), (5.95, 5.25, 3.95), (5.95, 5.35, 3.95), (5.95, 5.45, 3.95), (5.95, 5.55, 3.95), (5.95, 5.65, 3.95), (5.95, 5.75, 3.95), (5.95, 5.85, 3.95), (5.95, 5.95, 3.95)]
The cost is 28.000000000000135
The number of  nodes sampled to reach = 19881
The length of the path is 281
------------------------------------------------

-------------------------------------------------
The mapname is monza.txt
The boundary is [[  0.    0.    0.    4.3  20.    5.  120.  120.  120. ]]
The path is  given  by [(0.05, 14.95, 2.95), (0.15, 14.95, 2.95), (0.15, 14.95, 3.05), (0.25, 14.95, 3.05), (0.25, 14.95, 3.15), (0.35, 14.95, 3.15), (0.35, 14.95, 3.25), (0.35, 14.95, 3.35), (0.35, 14.95, 3.45), (0.35, 14.95, 3.55), (0.35, 14.95, 3.65), (0.35, 14.95, 3.75), (0.35, 14.95, 3.85), (0.35, 14.85, 3.85), (0.35, 14.75, 3.85), (0.35, 14.65, 3.85), (0.35, 14.55, 3.85), (0.35, 14.45, 3.85), (0.35, 14.35, 3.85), (0.35, 14.25, 3.85), (0.35, 14.15, 3.85), (0.35, 14.05, 3.85), (0.35, 13.95, 3.85), (0.35, 13.85, 3.85), (0.35, 13.75, 3.85), (0.35, 13.65, 3.85), (0.35, 13.55, 3.85), (0.35, 13.45, 3.85), (0.35, 13.35, 3.85), (0.35, 13.25, 3.85), (0.35, 13.15, 3.85), (0.35, 13.05, 3.85), (0.35, 12.95, 3.85), (0.35, 12.85, 3.85), (0.35, 12.75, 3.85), (0.35, 12.65, 3.85), (0.35, 12.55, 3.85), (0.35, 12.45, 3.85), (0.35, 12.35, 3.85), (0.35, 12.35, 3.95), (0.35, 12.25, 3.95), (0.45, 12.25, 3.95), (0.55, 12.25, 3.95), (0.65, 12.25, 3.95), (0.75, 12.25, 3.95), (0.85, 12.25, 3.95), (0.95, 12.25, 3.95), (1.05, 12.25, 3.95), (1.15, 12.25, 3.95), (1.25, 12.25, 3.95), (1.35, 12.25, 3.95), (1.45, 12.25, 3.95), (1.55, 12.25, 3.95), (1.65, 12.25, 3.95), (1.75, 12.25, 3.95), (1.85, 12.25, 3.95), (1.95, 12.25, 3.95), (2.05, 12.25, 3.95), (2.15, 12.25, 3.95), (2.25, 12.25, 3.95), (2.35, 12.25, 3.95), (2.45, 12.25, 3.95), (2.55, 12.25, 3.95), (2.65, 12.25, 3.95), (2.75, 12.25, 3.95), (2.85, 12.25, 3.95), (2.95, 12.25, 3.95), (3.05, 12.25, 3.95), (3.15, 12.25, 3.95), (3.25, 12.25, 3.95), (3.35, 12.25, 3.95), (3.45, 12.25, 3.95), (3.55, 12.25, 3.95), (3.65, 12.25, 3.95), (3.75, 12.25, 3.95), (3.85, 12.25, 3.95), (3.95, 12.25, 3.95), (3.95, 12.15, 3.95), (3.95, 12.05, 3.95), (3.95, 11.95, 3.95)]
The cost is 7.899999999999995
The number of  nodes sampled to reach = 1284
The length of the path is 80
------------------------------------------------

-------------------------------------------------
The mapname is flappy_bird.txt
The boundary is [[  0.   0.   0.  20.   5.   6. 120. 120. 120.]]
The path is  given  by [(0.05, 0.05, 5.95), (0.15, 0.05, 5.95), (0.25, 0.05, 5.95), (0.35, 0.05, 5.95), (0.45, 0.05, 5.95), (0.45, 0.15, 5.95), (0.45, 0.25, 5.95), (0.55, 0.25, 5.95), (0.55, 0.35, 5.95), (0.65, 0.35, 5.95), (0.75, 0.35, 5.95), (0.85, 0.35, 5.95), (0.95, 0.35, 5.95), (1.05, 0.35, 5.95), (1.15, 0.35, 5.95), (1.25, 0.35, 5.95), (1.35, 0.35, 5.95), (1.45, 0.35, 5.95), (1.55, 0.35, 5.95), (1.65, 0.35, 5.95), (1.75, 0.35, 5.95), (1.85, 0.35, 5.95), (1.95, 0.35, 5.95), (2.05, 0.35, 5.95), (2.05, 0.35, 5.85), (2.15, 0.35, 5.85), (2.25, 0.35, 5.85), (2.35, 0.35, 5.85), (2.35, 0.35, 5.75), (2.45, 0.35, 5.75), (2.55, 0.35, 5.75), (2.55, 0.35, 5.65), (2.55, 0.35, 5.55), (2.55, 0.35, 5.45), (2.55, 0.35, 5.35), (2.65, 0.35, 5.35), (2.75, 0.35, 5.35), (2.85, 0.35, 5.35), (2.95, 0.35, 5.35), (3.05, 0.35, 5.35), (3.05, 0.35, 5.25), (3.05, 0.45, 5.25), (3.05, 0.55, 5.25), (3.05, 0.65, 5.25), (3.05, 0.75, 5.25), (3.05, 0.75, 5.15), (3.05, 0.75, 5.05), (3.15, 0.75, 5.05), (3.25, 0.75, 5.05), (3.35, 0.75, 5.05), (3.45, 0.75, 5.05), (3.45, 0.85, 5.05), (3.55, 0.85, 5.05), (3.65, 0.85, 5.05), (3.75, 0.85, 5.05), (3.85, 0.85, 5.05), (3.95, 0.85, 5.05), (3.95, 0.95, 5.05), (3.95, 1.05, 5.05), (3.95, 1.15, 5.05), (3.95, 1.25, 5.05), (3.95, 1.35, 5.05), (3.95, 1.45, 5.05), (3.95, 1.55, 5.05), (3.95, 1.65, 5.05), (3.95, 1.75, 5.05), (3.95, 1.85, 5.05), (3.95, 1.95, 5.05), (3.95, 2.05, 5.05), (3.95, 2.15, 5.05), (3.95, 2.25, 5.05), (3.95, 2.35, 5.05), (3.95, 2.45, 5.05), (3.95, 2.55, 5.05), (3.95, 2.65, 5.05), (3.95, 2.75, 5.05), (3.95, 2.85, 5.05), (3.95, 2.95, 5.05), (3.95, 3.05, 5.05), (3.95, 3.15, 5.05), (3.95, 3.25, 5.05), (3.95, 3.35, 5.05), (3.95, 3.45, 5.05), (3.95, 3.45, 4.95), (3.95, 3.45, 4.85), (3.95, 3.55, 4.85), (3.95, 3.65, 4.85), (3.95, 3.75, 4.85), (3.95, 3.75, 4.75), (3.95, 3.75, 4.65), (3.95, 3.75, 4.55), (3.95, 3.85, 4.55), (3.95, 3.95, 4.55), (3.95, 3.95, 4.45), (3.95, 3.95, 4.35), (3.95, 3.95, 4.25), (3.95, 3.95, 4.15), (3.95, 3.95, 4.05), (3.95, 3.95, 3.95), (3.95, 3.95, 3.85), (3.95, 3.95, 3.75), (3.95, 3.95, 3.65), (3.95, 3.95, 3.55), (3.95, 3.95, 3.45), (3.95, 3.95, 3.35), (3.95, 3.95, 3.25), (3.95, 3.95, 3.15), (3.95, 3.95, 3.05), (3.95, 3.95, 2.95), (3.95, 3.95, 2.85), (3.95, 3.95, 2.75), (3.95, 3.95, 2.65), (3.95, 3.95, 2.55), (3.95, 3.95, 2.45), (3.95, 3.95, 2.35), (3.95, 3.95, 2.25), (3.95, 3.95, 2.15), (3.95, 3.95, 2.05), (3.95, 3.95, 1.95)]
The cost is 11.799999999999974
The number of  nodes sampled to reach = 3934
The length of the path is 119
------------------------------------------------

-------------------------------------------------
The mapname is tower.txt
The boundary is [[  0.   0.   0.   5.   5.  20. 120. 120. 120.]]
The path is  given  by [(0.45, 0.45, 0.45), (0.55, 0.45, 0.45), (0.55, 0.45, 0.55), (0.65, 0.45, 0.55), (0.75, 0.45, 0.55), (0.75, 0.55, 0.55), (0.75, 0.65, 0.55), (0.75, 0.75, 0.55), (0.75, 0.85, 0.55), (0.75, 0.95, 0.55), (0.75, 1.05, 0.55), (0.75, 1.15, 0.55), (0.75, 1.25, 0.55), (0.85, 1.25, 0.55), (0.85, 1.35, 0.55), (0.85, 1.45, 0.55), (0.95, 1.45, 0.55), (0.95, 1.55, 0.55), (0.95, 1.65, 0.55), (0.95, 1.75, 0.55), (1.05, 1.75, 0.55), (1.05, 1.85, 0.55), (1.05, 1.95, 0.55), (1.05, 2.05, 0.55), (1.05, 2.15, 0.55), (1.05, 2.25, 0.55), (1.15, 2.25, 0.55), (1.25, 2.25, 0.55), (1.35, 2.25, 0.55), (1.45, 2.25, 0.55), (1.45, 2.35, 0.55), (1.55, 2.35, 0.55), (1.65, 2.35, 0.55), (1.75, 2.35, 0.55), (1.85, 2.35, 0.55), (1.95, 2.35, 0.55), (2.05, 2.35, 0.55), (2.15, 2.35, 0.55), (2.25, 2.35, 0.55), (2.35, 2.35, 0.55), (2.45, 2.35, 0.55), (2.55, 2.35, 0.55), (2.65, 2.35, 0.55), (2.75, 2.35, 0.55), (2.85, 2.35, 0.55), (2.95, 2.35, 0.55), (3.05, 2.35, 0.55), (3.15, 2.35, 0.55), (3.25, 2.35, 0.55), (3.35, 2.35, 0.55), (3.45, 2.35, 0.55), (3.55, 2.35, 0.55), (3.65, 2.35, 0.55), (3.75, 2.35, 0.55), (3.85, 2.35, 0.55), (3.95, 2.35, 0.55), (3.95, 2.45, 0.55), (3.95, 2.55, 0.55), (3.95, 2.65, 0.55), (3.95, 2.75, 0.55), (3.95, 2.85, 0.55), (3.95, 2.95, 0.55), (3.95, 3.05, 0.55), (3.95, 3.15, 0.55), (3.95, 3.25, 0.55), (3.95, 3.35, 0.55), (3.95, 3.35, 0.65), (3.95, 3.35, 0.75), (3.95, 3.35, 0.85), (3.95, 3.35, 0.95), (3.95, 3.35, 1.05), (3.95, 3.35, 1.15), (3.95, 3.35, 1.25), (3.95, 3.35, 1.35), (3.95, 3.35, 1.45), (3.95, 3.35, 1.55), (3.95, 3.35, 1.65), (3.95, 3.35, 1.75), (3.95, 3.35, 1.85), (3.95, 3.35, 1.95), (3.95, 3.35, 2.05), (3.95, 3.45, 2.05), (3.95, 3.55, 2.05), (3.95, 3.55, 2.15), (3.95, 3.55, 2.25), (3.95, 3.55, 2.35), (3.95, 3.55, 2.45), (3.95, 3.55, 2.55), (3.95, 3.55, 2.65), (3.95, 3.55, 2.75), (3.95, 3.55, 2.85), (3.95, 3.55, 2.95), (3.95, 3.55, 3.05), (3.95, 3.55, 3.15), (3.95, 3.55, 3.25), (3.95, 3.55, 3.35), (3.95, 3.55, 3.45), (3.95, 3.55, 3.55), (3.95, 3.55, 3.65), (3.95, 3.55, 3.75), (3.95, 3.55, 3.85), (3.95, 3.55, 3.95), (3.95, 3.55, 4.05), (3.95, 3.55, 4.15), (3.95, 3.55, 4.25), (3.95, 3.55, 4.35), (3.95, 3.55, 4.45), (3.95, 3.55, 4.55), (3.95, 3.55, 4.65), (3.95, 3.55, 4.75), (3.95, 3.55, 4.85), (3.95, 3.55, 4.95), (3.95, 3.55, 5.05), (3.95, 3.55, 5.15), (3.95, 3.55, 5.25), (3.95, 3.55, 5.35), (3.95, 3.55, 5.45), (3.95, 3.55, 5.55), (3.95, 3.55, 5.65), (3.95, 3.55, 5.75), (3.95, 3.55, 5.85), (3.95, 3.55, 5.95), (3.95, 3.55, 6.05), (3.95, 3.55, 6.15), (3.95, 3.55, 6.25), (3.95, 3.55, 6.35), (3.95, 3.55, 6.45), (3.95, 3.55, 6.55), (3.95, 3.55, 6.65), (3.95, 3.55, 6.75), (3.95, 3.55, 6.85), (3.95, 3.55, 6.95), (3.95, 3.55, 7.05), (3.95, 3.55, 7.15), (3.95, 3.55, 7.25), (3.95, 3.55, 7.35), (3.95, 3.55, 7.45), (3.95, 3.55, 7.55), (3.95, 3.55, 7.65), (3.95, 3.55, 7.75), (3.95, 3.55, 7.85), (3.95, 3.55, 7.95), (3.95, 3.55, 8.05), (3.95, 3.55, 8.15), (3.95, 3.55, 8.25), (3.95, 3.55, 8.35), (3.95, 3.55, 8.45), (3.95, 3.55, 8.55), (3.95, 3.55, 8.65), (3.95, 3.55, 8.75), (3.95, 3.55, 8.85), (3.95, 3.55, 8.95), (3.95, 3.55, 9.05), (3.95, 3.55, 9.15), (3.95, 3.55, 9.25), (3.95, 3.55, 9.35), (3.95, 3.55, 9.45), (3.95, 3.55, 9.55), (3.95, 3.55, 9.65), (3.95, 3.55, 9.75), (3.95, 3.55, 9.85), (3.95, 3.55, 9.95), (3.95, 3.55, 10.05), (3.95, 3.55, 10.15), (3.95, 3.55, 10.25), (3.95, 3.55, 10.35), (3.95, 3.55, 10.45), (3.95, 3.55, 10.55), (3.95, 3.55, 10.65), (3.95, 3.55, 10.75), (3.95, 3.55, 10.85), (3.95, 3.55, 10.95), (3.95, 3.55, 11.05), (3.95, 3.55, 11.15), (3.95, 3.55, 11.25), (3.95, 3.55, 11.35), (3.95, 3.55, 11.45), (3.95, 3.55, 11.55), (3.95, 3.65, 11.55), (3.95, 3.75, 11.55), (3.95, 3.85, 11.55), (3.95, 3.95, 11.55), (3.95, 3.95, 11.65), (3.95, 3.95, 11.75), (3.95, 3.95, 11.85), (3.95, 3.95, 11.95)]
The cost is 18.500000000000007
The number of  nodes sampled to reach = 150336
The length of the path is 186
------------------------------------------------

-------------------------------------------------
The mapname is single_cube.txt
The boundary is [[ -5.  -5.  -5.  10.  10.  10. 120. 120. 120.]]
The path is  given  by [(0.45, 0.45, 0.45), (0.55, 0.45, 0.45), (0.65, 0.45, 0.45), (0.65, 0.55, 0.45), (0.65, 0.65, 0.45), (0.65, 0.65, 0.55), (0.65, 0.65, 0.65), (0.65, 0.75, 0.65), (0.65, 0.85, 0.65), (0.65, 0.95, 0.65), (0.65, 1.05, 0.65), (0.65, 1.05, 0.75), (0.65, 1.15, 0.75), (0.65, 1.25, 0.75), (0.65, 1.35, 0.75), (0.65, 1.35, 0.85), (0.65, 1.35, 0.95), (0.65, 1.35, 1.05), (0.65, 1.35, 1.15), (0.65, 1.35, 1.25), (0.65, 1.35, 1.35), (0.65, 1.35, 1.45), (0.65, 1.35, 1.55), (0.65, 1.35, 1.65), (0.65, 1.35, 1.75), (0.65, 1.35, 1.85), (0.65, 1.35, 1.95), (0.65, 1.35, 2.05), (0.65, 1.35, 2.15), (0.65, 1.35, 2.25), (0.65, 1.35, 2.35), (0.65, 1.35, 2.45), (0.65, 1.35, 2.55), (0.65, 1.35, 2.65), (0.65, 1.35, 2.75), (0.65, 1.35, 2.85), (0.65, 1.35, 2.95), (0.65, 1.35, 3.05), (0.65, 1.35, 3.15), (0.65, 1.35, 3.25), (0.65, 1.35, 3.35), (0.65, 1.35, 3.45), (0.65, 1.35, 3.55), (0.65, 1.35, 3.65), (0.65, 1.35, 3.75), (0.65, 1.35, 3.85), (0.65, 1.35, 3.95), (0.65, 1.35, 4.05), (0.65, 1.35, 4.15), (0.65, 1.35, 4.25), (0.75, 1.35, 4.25), (0.85, 1.35, 4.25), (0.95, 1.35, 4.25), (0.95, 1.45, 4.25), (0.95, 1.45, 4.35), (0.95, 1.45, 4.45), (1.05, 1.45, 4.45), (1.15, 1.45, 4.45), (1.25, 1.45, 4.45), (1.35, 1.45, 4.45), (1.45, 1.45, 4.45), (1.55, 1.45, 4.45), (1.65, 1.45, 4.45), (1.75, 1.45, 4.45), (1.85, 1.45, 4.45), (1.95, 1.45, 4.45), (2.05, 1.45, 4.45), (2.15, 1.45, 4.45), (2.25, 1.45, 4.45), (2.35, 1.45, 4.45), (2.45, 1.45, 4.45), (2.55, 1.45, 4.45), (2.65, 1.45, 4.45), (2.75, 1.45, 4.45), (2.85, 1.45, 4.45), (2.95, 1.45, 4.45), (3.05, 1.45, 4.45), (3.15, 1.45, 4.45), (3.25, 1.45, 4.45), (3.35, 1.45, 4.45), (3.35, 1.45, 4.55), (3.35, 1.45, 4.65), (3.35, 1.55, 4.65), (3.35, 1.65, 4.65), (3.35, 1.75, 4.65), (3.35, 1.75, 4.75), (3.35, 1.75, 4.85), (3.35, 1.75, 4.95), (3.35, 1.85, 4.95), (3.45, 1.85, 4.95), (3.45, 1.85, 5.05), (3.45, 1.85, 5.15), (3.55, 1.85, 5.15), (3.65, 1.85, 5.15), (3.75, 1.85, 5.15), (3.75, 1.85, 5.25), (3.75, 1.85, 5.35), (3.75, 1.85, 5.45), (3.85, 1.85, 5.45), (3.95, 1.85, 5.45), (4.05, 1.85, 5.45), (4.15, 1.85, 5.45), (4.25, 1.85, 5.45), (4.35, 1.85, 5.45), (4.35, 1.95, 5.45), (4.45, 1.95, 5.45), (4.55, 1.95, 5.45), (4.65, 1.95, 5.45), (4.65, 2.05, 5.45), (4.65, 2.15, 5.45), (4.65, 2.25, 5.45), (4.65, 2.35, 5.45), (4.65, 2.45, 5.45), (4.75, 2.45, 5.45), (4.85, 2.45, 5.45), (4.95, 2.45, 5.45), (5.05, 2.45, 5.45), (5.15, 2.45, 5.45), (5.15, 2.55, 5.45), (5.15, 2.65, 5.45), (5.15, 2.75, 5.45), (5.15, 2.85, 5.45), (5.15, 2.95, 5.45), (5.25, 2.95, 5.45), (5.35, 2.95, 5.45), (5.45, 2.95, 5.45), (5.55, 2.95, 5.45), (5.65, 2.95, 5.45), (5.65, 3.05, 5.45), (5.65, 3.15, 5.45), (5.65, 3.25, 5.45), (5.65, 3.35, 5.45), (5.65, 3.45, 5.45), (5.65, 3.55, 5.45), (5.65, 3.65, 5.45), (5.65, 3.75, 5.45), (5.65, 3.85, 5.45), (5.65, 3.95, 5.45), (5.65, 4.05, 5.45), (5.65, 4.15, 5.45), (5.75, 4.15, 5.45), (5.85, 4.15, 5.45), (5.85, 4.25, 5.45), (5.95, 4.25, 5.45), (5.95, 4.35, 5.45), (5.95, 4.45, 5.45), (5.95, 4.55, 5.45), (5.95, 4.65, 5.45), (5.95, 4.75, 5.45), (5.95, 4.85, 5.45), (5.95, 4.95, 5.45), (5.95, 5.05, 5.45), (5.95, 5.15, 5.45), (5.95, 5.25, 5.45), (5.95, 5.35, 5.45), (5.95, 5.45, 5.45), (5.95, 5.55, 5.45), (5.95, 5.65, 5.45), (5.95, 5.75, 5.45), (5.95, 5.85, 5.45), (5.95, 5.95, 5.45)]
The cost is 15.999999999999973
The number of  nodes sampled to reach = 1584
The length of the path is 161
------------------------------------------------

-------------------------------------------------
The mapname is room.txt
The boundary is [[  0.   0.   0.  10.  10.   3. 120. 120. 120.]]
The path is  given  by [(0.45, 0.45, 0.45), (0.55, 0.45, 0.45), (0.65, 0.45, 0.45), (0.75, 0.45, 0.45), (0.75, 0.45, 0.55), (0.85, 0.45, 0.55), (0.95, 0.45, 0.55), (0.95, 0.55, 0.55), (0.95, 0.65, 0.55), (0.95, 0.75, 0.55), (0.95, 0.85, 0.55), (0.95, 0.95, 0.55), (1.05, 0.95, 0.55), (1.05, 0.95, 0.65), (1.15, 0.95, 0.65), (1.25, 0.95, 0.65), (1.35, 0.95, 0.65), (1.35, 0.95, 0.75), (1.35, 1.05, 0.75), (1.35, 1.15, 0.75), (1.35, 1.25, 0.75), (1.35, 1.35, 0.75), (1.45, 1.35, 0.75), (1.45, 1.45, 0.75), (1.55, 1.45, 0.75), (1.55, 1.55, 0.75), (1.55, 1.65, 0.75), (1.55, 1.75, 0.75), (1.55, 1.85, 0.75), (1.55, 1.95, 0.75), (1.65, 1.95, 0.75), (1.75, 1.95, 0.75), (1.85, 1.95, 0.75), (1.95, 1.95, 0.75), (2.05, 1.95, 0.75), (2.15, 1.95, 0.75), (2.25, 1.95, 0.75), (2.35, 1.95, 0.75), (2.45, 1.95, 0.75), (2.55, 1.95, 0.75), (2.65, 1.95, 0.75), (2.75, 1.95, 0.75), (2.85, 1.95, 0.75), (2.95, 1.95, 0.75), (3.05, 1.95, 0.75), (3.15, 1.95, 0.75), (3.25, 1.95, 0.75), (3.35, 1.95, 0.75), (3.45, 1.95, 0.75), (3.55, 1.95, 0.75), (3.65, 1.95, 0.75), (3.75, 1.95, 0.75), (3.85, 1.95, 0.75), (3.95, 1.95, 0.75), (4.05, 1.95, 0.75), (4.05, 2.05, 0.75), (4.05, 2.15, 0.75), (4.05, 2.25, 0.75), (4.05, 2.35, 0.75), (4.15, 2.35, 0.75), (4.15, 2.35, 0.85), (4.15, 2.35, 0.95), (4.15, 2.35, 1.05), (4.15, 2.35, 1.15), (4.15, 2.35, 1.25), (4.15, 2.35, 1.35), (4.15, 2.35, 1.45), (4.15, 2.35, 1.55), (4.15, 2.35, 1.65), (4.15, 2.35, 1.75), (4.25, 2.35, 1.75), (4.25, 2.45, 1.75), (4.25, 2.55, 1.75), (4.25, 2.65, 1.75), (4.25, 2.75, 1.75), (4.35, 2.75, 1.75), (4.35, 2.85, 1.75), (4.35, 2.95, 1.75), (4.35, 3.05, 1.75), (4.35, 3.15, 1.75), (4.35, 3.25, 1.75), (4.35, 3.35, 1.75), (4.45, 3.35, 1.75), (4.55, 3.35, 1.75), (4.65, 3.35, 1.75), (4.65, 3.35, 1.85), (4.75, 3.35, 1.85), (4.85, 3.35, 1.85), (4.95, 3.35, 1.85), (4.95, 3.45, 1.85), (4.95, 3.55, 1.85), (4.95, 3.65, 1.85), (4.95, 3.75, 1.85), (4.95, 3.85, 1.85), (5.05, 3.85, 1.85), (5.05, 3.95, 1.85), (5.15, 3.95, 1.85), (5.25, 3.95, 1.85), (5.35, 3.95, 1.85), (5.35, 4.05, 1.85), (5.45, 4.05, 1.85), (5.55, 4.05, 1.85), (5.65, 4.05, 1.85), (5.75, 4.05, 1.85), (5.75, 4.15, 1.85), (5.85, 4.15, 1.85), (5.95, 4.15, 1.85), (6.05, 4.15, 1.85), (6.15, 4.15, 1.85), (6.25, 4.15, 1.85), (6.35, 4.15, 1.85), (6.35, 4.25, 1.85), (6.45, 4.25, 1.85), (6.55, 4.25, 1.85), (6.65, 4.25, 1.85), (6.75, 4.25, 1.85), (6.85, 4.25, 1.85), (6.85, 4.35, 1.85), (6.95, 4.35, 1.85), (7.05, 4.35, 1.85), (7.15, 4.35, 1.85), (7.25, 4.35, 1.85), (7.25, 4.45, 1.85), (7.35, 4.45, 1.85), (7.45, 4.45, 1.85), (7.55, 4.45, 1.85), (7.65, 4.45, 1.85), (7.65, 4.55, 1.85), (7.65, 4.65, 1.85), (7.75, 4.65, 1.85), (7.75, 4.75, 1.85), (7.75, 4.85, 1.85), (7.75, 4.95, 1.85), (7.75, 5.05, 1.85), (7.75, 5.15, 1.85), (7.85, 5.15, 1.85), (7.85, 5.25, 1.85), (7.85, 5.35, 1.85), (7.85, 5.45, 1.85), (7.85, 5.55, 1.85), (7.85, 5.65, 1.85), (7.85, 5.75, 1.85), (7.85, 5.85, 1.85), (7.85, 5.85, 1.95), (7.85, 5.95, 1.95), (7.85, 6.05, 1.95), (7.85, 6.15, 1.95), (7.85, 6.25, 1.95), (7.85, 6.35, 1.95), (7.85, 6.45, 1.95), (7.85, 6.55, 1.95), (7.85, 6.65, 1.95), (7.85, 6.75, 1.95), (7.85, 6.85, 1.95), (7.85, 6.95, 1.95), (7.85, 7.05, 1.95), (7.85, 7.15, 1.95), (7.85, 7.25, 1.95), (7.85, 7.35, 1.95), (7.85, 7.45, 1.95), (7.85, 7.55, 1.95), (7.85, 7.65, 1.95), (7.85, 7.75, 1.95), (7.95, 7.75, 1.95), (7.95, 7.85, 1.95), (7.95, 7.95, 1.95)]
The cost is 16.49999999999998
The number of  nodes sampled to reach = 6142
The length of the path is 166
------------------------------------------------
